2.500000000000000000e+01 2.500000000000000000e+01 6.406947374343872070e-01 7.248722316865416904e-01 6.402953267097473145e-01 7.263427109974424090e-01 1.000000000000000000e+00
2.100000000000000000e+01 2.000000000000000000e+01 6.096385121345520020e-01 7.248722316865416904e-01 6.088794469833374023e-01 7.263427109974424090e-01 9.523809523809522171e-01
1.700000000000000000e+01 1.700000000000000000e+01 5.979951024055480957e-01 7.248722316865416904e-01 5.970234870910644531e-01 7.263427109974424090e-01 1.000000000000000000e+00
1.400000000000000000e+01 1.400000000000000000e+01 5.929360985755920410e-01 7.248722316865416904e-01 5.918275713920593262e-01 7.263427109974424090e-01 1.000000000000000000e+00
1.200000000000000000e+01 1.100000000000000000e+01 5.905926227569580078e-01 7.248722316865416904e-01 5.893926024436950684e-01 7.263427109974424090e-01 9.166666666666665186e-01
1.000000000000000000e+01 9.000000000000000000e+00 5.894657373428344727e-01 7.248722316865416904e-01 5.882025957107543945e-01 7.263427109974424090e-01 9.000000000000000222e-01
8.000000000000000000e+00 8.000000000000000000e+00 5.889095067977905273e-01 7.248722316865416904e-01 5.876028537750244141e-01 7.263427109974424090e-01 1.000000000000000000e+00
7.000000000000000000e+00 6.000000000000000000e+00 5.886281132698059082e-01 7.248722316865416904e-01 5.872911214828491211e-01 7.263427109974424090e-01 8.571428571428570953e-01
7.000000000000000000e+00 4.000000000000000000e+00 5.884818434715270996e-01 7.248722316865416904e-01 5.871229767799377441e-01 7.263427109974424090e-01 5.714285714285713969e-01
6.000000000000000000e+00 4.000000000000000000e+00 5.884032249450683594e-01 7.248722316865416904e-01 5.870290398597717285e-01 7.263427109974424090e-01 6.666666666666665186e-01
4.000000000000000000e+00 4.000000000000000000e+00 5.883603692054748535e-01 7.248722316865416904e-01 5.869753360748291016e-01 7.263427109974424090e-01 1.000000000000000000e+00
4.000000000000000000e+00 2.000000000000000000e+00 5.883359313011169434e-01 7.248722316865416904e-01 5.869424939155578613e-01 7.263427109974424090e-01 5.000000000000000000e-01
3.000000000000000000e+00 2.000000000000000000e+00 5.883225798606872559e-01 7.248722316865416904e-01 5.869231820106506348e-01 7.263427109974424090e-01 6.666666666666665186e-01
2.000000000000000000e+00 2.000000000000000000e+00 5.883142948150634766e-01 7.248722316865416904e-01 5.869108438491821289e-01 7.263427109974424090e-01 1.000000000000000000e+00
2.000000000000000000e+00 1.000000000000000000e+00 5.883085727691650391e-01 7.248722316865416904e-01 5.869022607803344727e-01 7.263427109974424090e-01 5.000000000000000000e-01
2.000000000000000000e+00 0.000000000000000000e+00 5.883085727691650391e-01 7.248722316865416904e-01 5.869019627571105957e-01 7.263427109974424090e-01 0.000000000000000000e+00
